

Chart 0

               1           2           3           4           5

   1       0( 0)      10( 0)     inf( 0)     inf( 0)     inf( 0)

   2       1( 0)       0( 0)       2( 0)       4( 0)     inf( 0)

   3       2( 0)     inf( 0)       0( 0)       3( 0)       6( 0)

   4       2( 0)     inf( 0)       3( 0)       0( 0)       4( 0)

   5     inf( 0)       1( 0)     inf( 0)      11( 0)       0( 0)



Chart 1

               1           2           3           4           5

   1       0( 0)      10( 0)     inf( 0)     inf( 0)     inf( 0)

   2       1( 0)       0( 0)       2( 0)       4( 0)     inf( 0)

   3       2( 0)      12( 1)       0( 0)       3( 0)       6( 0)

   4       2( 0)      12( 1)       3( 0)       0( 0)       4( 0)

   5     inf( 0)       1( 0)     inf( 0)      11( 0)       0( 0)



Chart 2

               1           2           3           4           5

   1       0( 0)      10( 0)      12( 2)      14( 2)     inf( 0)

   2       1( 0)       0( 0)       2( 0)       4( 0)     inf( 0)

   3       2( 0)      12( 1)       0( 0)       3( 0)       6( 0)

   4       2( 0)      12( 1)       3( 0)       0( 0)       4( 0)

   5       2( 2)       1( 0)       3( 2)       5( 2)       0( 0)



Chart 3

               1           2           3           4           5

   1       0( 0)      10( 0)      12( 2)      14( 2)      18( 3)

   2       1( 0)       0( 0)       2( 0)       4( 0)       8( 3)

   3       2( 0)      12( 1)       0( 0)       3( 0)       6( 0)

   4       2( 0)      12( 1)       3( 0)       0( 0)       4( 0)

   5       2( 2)       1( 0)       3( 2)       5( 2)       0( 0)



Chart 4

               1           2           3           4           5

   1       0( 0)      10( 0)      12( 2)      14( 2)      18( 3)

   2       1( 0)       0( 0)       2( 0)       4( 0)       8( 3)

   3       2( 0)      12( 1)       0( 0)       3( 0)       6( 0)

   4       2( 0)      12( 1)       3( 0)       0( 0)       4( 0)

   5       2( 2)       1( 0)       3( 2)       5( 2)       0( 0)



Chart 5

               1           2           3           4           5

   1       0( 0)      10( 0)      12( 2)      14( 2)      18( 3)

   2       1( 0)       0( 0)       2( 0)       4( 0)       8( 3)

   3       2( 0)       7( 5)       0( 0)       3( 0)       6( 0)

   4       2( 0)       5( 5)       3( 0)       0( 0)       4( 0)

   5       2( 2)       1( 0)       3( 2)       5( 2)       0( 0)

