

Chart 0

               1           2           3           4           5

   1       0( 0)       1( 0)       3( 0)       6( 0)     inf( 0)

   2       8( 0)       0( 0)       2( 0)       5( 0)     inf( 0)

   3      15( 0)       7( 0)       0( 0)       3( 0)     inf( 0)

   4      21( 0)      13( 0)       6( 0)       0( 0)       4( 0)

   5     inf( 0)     inf( 0)     inf( 0)       5( 0)       0( 0)



Chart 1

               1           2           3           4           5

   1       0( 0)       1( 0)       3( 0)       6( 0)     inf( 0)

   2       8( 0)       0( 0)       2( 0)       5( 0)     inf( 0)

   3      15( 0)       7( 0)       0( 0)       3( 0)     inf( 0)

   4      21( 0)      13( 0)       6( 0)       0( 0)       4( 0)

   5     inf( 0)     inf( 0)     inf( 0)       5( 0)       0( 0)



Chart 2

               1           2           3           4           5

   1       0( 0)       1( 0)       3( 0)       6( 0)     inf( 0)

   2       8( 0)       0( 0)       2( 0)       5( 0)     inf( 0)

   3      15( 0)       7( 0)       0( 0)       3( 0)     inf( 0)

   4      21( 0)      13( 0)       6( 0)       0( 0)       4( 0)

   5     inf( 0)     inf( 0)     inf( 0)       5( 0)       0( 0)



Chart 3

               1           2           3           4           5

   1       0( 0)       1( 0)       3( 0)       6( 0)     inf( 0)

   2       8( 0)       0( 0)       2( 0)       5( 0)     inf( 0)

   3      15( 0)       7( 0)       0( 0)       3( 0)     inf( 0)

   4      21( 0)      13( 0)       6( 0)       0( 0)       4( 0)

   5     inf( 0)     inf( 0)     inf( 0)       5( 0)       0( 0)



Chart 4

               1           2           3           4           5

   1       0( 0)       1( 0)       3( 0)       6( 0)      10( 4)

   2       8( 0)       0( 0)       2( 0)       5( 0)       9( 4)

   3      15( 0)       7( 0)       0( 0)       3( 0)       7( 4)

   4      21( 0)      13( 0)       6( 0)       0( 0)       4( 0)

   5      26( 4)      18( 4)      11( 4)       5( 0)       0( 0)



Chart 5

               1           2           3           4           5

   1       0( 0)       1( 0)       3( 0)       6( 0)      10( 4)

   2       8( 0)       0( 0)       2( 0)       5( 0)       9( 4)

   3      15( 0)       7( 0)       0( 0)       3( 0)       7( 4)

   4      21( 0)      13( 0)       6( 0)       0( 0)       4( 0)

   5      26( 4)      18( 4)      11( 4)       5( 0)       0( 0)

