

Chart 0

               1           2           3           4           5

   1       0( 0)       1( 0)       7( 0)       6( 0)       3( 0)

   2     inf( 0)       0( 0)       5( 0)       3( 0)     inf( 0)

   3     inf( 0)     inf( 0)       0( 0)       2( 0)     inf( 0)

   4       1( 0)     inf( 0)     inf( 0)       0( 0)       8( 0)

   5     inf( 0)       4( 0)       2( 0)     inf( 0)       0( 0)



Chart 1

               1           2           3           4           5

   1       0( 0)       1( 0)       7( 0)       6( 0)       3( 0)

   2     inf( 0)       0( 0)       5( 0)       3( 0)     inf( 0)

   3     inf( 0)     inf( 0)       0( 0)       2( 0)     inf( 0)

   4       1( 0)       2( 1)       8( 1)       0( 0)       4( 1)

   5     inf( 0)       4( 0)       2( 0)     inf( 0)       0( 0)



Chart 2

               1           2           3           4           5

   1       0( 0)       1( 0)       6( 2)       4( 2)       3( 0)

   2     inf( 0)       0( 0)       5( 0)       3( 0)     inf( 0)

   3     inf( 0)     inf( 0)       0( 0)       2( 0)     inf( 0)

   4       1( 0)       2( 1)       7( 2)       0( 0)       4( 1)

   5     inf( 0)       4( 0)       2( 0)       7( 2)       0( 0)



Chart 3

               1           2           3           4           5

   1       0( 0)       1( 0)       6( 2)       4( 2)       3( 0)

   2     inf( 0)       0( 0)       5( 0)       3( 0)     inf( 0)

   3     inf( 0)     inf( 0)       0( 0)       2( 0)     inf( 0)

   4       1( 0)       2( 1)       7( 2)       0( 0)       4( 1)

   5     inf( 0)       4( 0)       2( 0)       4( 3)       0( 0)



Chart 4

               1           2           3           4           5

   1       0( 0)       1( 0)       6( 2)       4( 2)       3( 0)

   2       4( 4)       0( 0)       5( 0)       3( 0)       7( 4)

   3       3( 4)       4( 4)       0( 0)       2( 0)       6( 4)

   4       1( 0)       2( 1)       7( 2)       0( 0)       4( 1)

   5       5( 4)       4( 0)       2( 0)       4( 3)       0( 0)



Chart 5

               1           2           3           4           5

   1       0( 0)       1( 0)       5( 5)       4( 2)       3( 0)

   2       4( 4)       0( 0)       5( 0)       3( 0)       7( 4)

   3       3( 4)       4( 4)       0( 0)       2( 0)       6( 4)

   4       1( 0)       2( 1)       6( 5)       0( 0)       4( 1)

   5       5( 4)       4( 0)       2( 0)       4( 3)       0( 0)

